[ragaprabha@login1 ~]$ vi ragaprabha_assignment3-6919543.fusion.log


4.06    -1.00   0.00    -1.00   -1.00   0.00    0.00    0.00    0.00    0.00    0.00    0.00    -1.00   0.00    0.00    0.00
-1.00   4.06    -1.00   0.00    0.00    -1.00   0.00    0.00    0.00    0.00    0.00    0.00    0.00    -1.00   0.00    0.00
0.00    -1.00   4.06    -1.00   0.00    0.00    -1.00   0.00    0.00    0.00    0.00    0.00    0.00    0.00    -1.00   0.00
-1.00   0.00    -1.00   4.06    -1.00   0.00    0.00    -1.00   0.00    0.00    0.00    0.00    0.00    0.00    0.00    -1.00
-1.00   0.00    0.00    -1.00   4.06    -1.00   0.00    -1.00   -1.00   0.00    0.00    0.00    0.00    0.00    0.00    0.00
0.00    -1.00   0.00    0.00    -1.00   4.06    -1.00   0.00    0.00    -1.00   0.00    0.00    0.00    0.00    0.00    0.00
0.00    0.00    -1.00   0.00    0.00    -1.00   4.06    -1.00   0.00    0.00    -1.00   0.00    0.00    0.00    0.00    0.00
0.00    0.00    0.00    -1.00   -1.00   0.00    -1.00   4.06    -1.00   0.00    0.00    -1.00   0.00    0.00    0.00    0.00
0.00    0.00    0.00    0.00    -1.00   0.00    0.00    -1.00   4.06    -1.00   0.00    -1.00   -1.00   0.00    0.00    0.00
0.00    0.00    0.00    0.00    0.00    -1.00   0.00    0.00    -1.00   4.06    -1.00   0.00    0.00    -1.00   0.00    0.00
0.00    0.00    0.00    0.00    0.00    0.00    -1.00   0.00    0.00    -1.00   4.06    -1.00   0.00    0.00    -1.00   0.00
0.00    0.00    0.00    0.00    0.00    0.00    0.00    -1.00   -1.00   0.00    -1.00   4.06    -1.00   0.00    0.00    -1.00
-1.00   0.00    0.00    0.00    0.00    0.00    0.00    0.00    -1.00   0.00    0.00    -1.00   4.06    -1.00   0.00    -1.00
0.00    -1.00   0.00    0.00    0.00    0.00    0.00    0.00    0.00    -1.00   0.00    0.00    -1.00   4.06    -1.00   0.00
0.00    0.00    -1.00   0.00    0.00    0.00    0.00    0.00    0.00    0.00    -1.00   0.00    0.00    -1.00   4.06    -1.00
0.00    0.00    0.00    -1.00   0.00    0.00    0.00    0.00    0.00    0.00    0.00    -1.00   -1.00   0.00    -1.00   4.06


Vector Noms of X[1]: 90.47
Vector Noms of X[2]: 74.08
Vector Noms of X[3]: 87.55
Vector Noms of X[4]: 98.08
Vector Noms of X[5]: 104.45
Vector Noms of X[6]: 108.39
Vector Noms of X[7]: 111.13
Vector Noms of X[8]: 113.18
Vector Noms of X[9]: 114.77
Vector Noms of X[10]: 116.06
Vector Noms of X[11]: 117.13
Vector Noms of X[12]: 118.03
Vector Noms of X[13]: 118.80
Vector Noms of X[14]: 119.48
Vector Noms of X[15]: 120.09
Vector Noms of X[16]: 120.63

The Value of U Vector:
24.33
13.50
16.20
18.68
12.28
2.38
9.99
10.24
-8.54
-4.85
2.45
-7.90
-14.90
-8.56
2.68
9.64

"ragaprabha_assignment3-6919543.fusion.log" 56L, 1999C                                                                                                             1,1           Top
