[ragaprabha@login1 ~]$ vi ragaprabha_assignment3-6917272.fusion.log

4.06    -1.00   0.00    -1.00   -1.00   0.00    0.00    0.00    0.00    0.00    0.00    0.00    -1.00   0.00    0.00    0.00
-1.00   4.06    -1.00   0.00    0.00    -1.00   0.00    0.00    0.00    0.00    0.00    0.00    0.00    -1.00   0.00    0.00
0.00    -1.00   4.06    -1.00   0.00    0.00    -1.00   0.00    0.00    0.00    0.00    0.00    0.00    0.00    -1.00   0.00
-1.00   0.00    -1.00   4.06    -1.00   0.00    0.00    -1.00   0.00    0.00    0.00    0.00    0.00    0.00    0.00    -1.00
-1.00   0.00    0.00    -1.00   4.06    -1.00   0.00    -1.00   -1.00   0.00    0.00    0.00    0.00    0.00    0.00    0.00
0.00    -1.00   0.00    0.00    -1.00   4.06    -1.00   0.00    0.00    -1.00   0.00    0.00    0.00    0.00    0.00    0.00
0.00    0.00    -1.00   0.00    0.00    -1.00   4.06    -1.00   0.00    0.00    -1.00   0.00    0.00    0.00    0.00    0.00
0.00    0.00    0.00    -1.00   -1.00   0.00    -1.00   4.06    -1.00   0.00    0.00    -1.00   0.00    0.00    0.00    0.00
0.00    0.00    0.00    0.00    -1.00   0.00    0.00    -1.00   4.06    -1.00   0.00    -1.00   -1.00   0.00    0.00    0.00
0.00    0.00    0.00    0.00    0.00    -1.00   0.00    0.00    -1.00   4.06    -1.00   0.00    0.00    -1.00   0.00    0.00
0.00    0.00    0.00    0.00    0.00    0.00    -1.00   0.00    0.00    -1.00   4.06    -1.00   0.00    0.00    -1.00   0.00
0.00    0.00    0.00    0.00    0.00    0.00    0.00    -1.00   -1.00   0.00    -1.00   4.06    -1.00   0.00    0.00    -1.00
-1.00   0.00    0.00    0.00    0.00    0.00    0.00    0.00    -1.00   0.00    0.00    -1.00   4.06    -1.00   0.00    -1.00
0.00    -1.00   0.00    0.00    0.00    0.00    0.00    0.00    0.00    -1.00   0.00    0.00    -1.00   4.06    -1.00   0.00
0.00    0.00    -1.00   0.00    0.00    0.00    0.00    0.00    0.00    0.00    -1.00   0.00    0.00    -1.00   4.06    -1.00
0.00    0.00    0.00    -1.00   0.00    0.00    0.00    0.00    0.00    0.00    0.00    -1.00   -1.00   0.00    -1.00   4.06

0.76
2.10
-0.62
-2.84
-1.29
1.69
-0.18
-3.11
-2.04
0.65
-0.05
-0.41
1.49
-0.04
-1.08
-1.01

Time Taken (in microseconds):  311
~                                                                                                                                                                    
~                                                                                                                                                                    
~                                                                                                                                                                    
~                                                                                                                                                                    
~                                                                                                                                                                    
~                                                                                                                                                                    
~                                                                                                                                                                    
~                                                                                                                                                                    
~                                                                                                                                                                    
~                                                                                                                                                                    
~                                                                                                                                                                    
~                                                                                                                                                                    
~                                                                                                                                                                    
~                                                                                                                                                                    
~                                                                                                                                                                    
~                                                                                                                                                                    
~                                                                                                                                                                    
"ragaprabha_assignment3-6917272.fusion.log" 35L, 1494C                                                                                             1,1           All
