[ragaprabha@login1 ~]$ vi ragaprabha_assignment3-6917287.fusion.log


4.06    -1.00   0.00    -1.00   -1.00   0.00    0.00    0.00    0.00    0.00    0.00    0.00    -1.00   0.00    0.00    0.00
-1.00   4.06    -1.00   0.00    0.00    -1.00   0.00    0.00    0.00    0.00    0.00    0.00    0.00    -1.00   0.00    0.00
0.00    -1.00   4.06    -1.00   0.00    0.00    -1.00   0.00    0.00    0.00    0.00    0.00    0.00    0.00    -1.00   0.00
-1.00   0.00    -1.00   4.06    -1.00   0.00    0.00    -1.00   0.00    0.00    0.00    0.00    0.00    0.00    0.00    -1.00
-1.00   0.00    0.00    -1.00   4.06    -1.00   0.00    -1.00   -1.00   0.00    0.00    0.00    0.00    0.00    0.00    0.00
0.00    -1.00   0.00    0.00    -1.00   4.06    -1.00   0.00    0.00    -1.00   0.00    0.00    0.00    0.00    0.00    0.00
0.00    0.00    -1.00   0.00    0.00    -1.00   4.06    -1.00   0.00    0.00    -1.00   0.00    0.00    0.00    0.00    0.00
0.00    0.00    0.00    -1.00   -1.00   0.00    -1.00   4.06    -1.00   0.00    0.00    -1.00   0.00    0.00    0.00    0.00
0.00    0.00    0.00    0.00    -1.00   0.00    0.00    -1.00   4.06    -1.00   0.00    -1.00   -1.00   0.00    0.00    0.00
0.00    0.00    0.00    0.00    0.00    -1.00   0.00    0.00    -1.00   4.06    -1.00   0.00    0.00    -1.00   0.00    0.00
0.00    0.00    0.00    0.00    0.00    0.00    -1.00   0.00    0.00    -1.00   4.06    -1.00   0.00    0.00    -1.00   0.00
0.00    0.00    0.00    0.00    0.00    0.00    0.00    -1.00   -1.00   0.00    -1.00   4.06    -1.00   0.00    0.00    -1.00
-1.00   0.00    0.00    0.00    0.00    0.00    0.00    0.00    -1.00   0.00    0.00    -1.00   4.06    -1.00   0.00    -1.00
0.00    -1.00   0.00    0.00    0.00    0.00    0.00    0.00    0.00    -1.00   0.00    0.00    -1.00   4.06    -1.00   0.00
0.00    0.00    -1.00   0.00    0.00    0.00    0.00    0.00    0.00    0.00    -1.00   0.00    0.00    -1.00   4.06    -1.00
0.00    0.00    0.00    -1.00   0.00    0.00    0.00    0.00    0.00    0.00    0.00    -1.00   -1.00   0.00    -1.00   4.06

37.08
21.09
24.64
30.67
22.93
6.10
14.57
20.05
-5.48
-6.24
3.06
-5.08
-16.82
-12.97
-1.04
13.00

Time Taken (in microseconds):  338
~                                                                                                                                                                    
~                                                                                                                                                                    
~                                                                                                                                                                    
~                                                                                                                                                                    
~                                                                                                                                                                    
~                                                                                                                                                                    
~                                                                                                                                                                    
~                                                                                                                                                                    
~                                                                                                                                                                    
~                                                                                                                                                                    
~                                                                                                                                                                    
~                                                                                                                                                                    
~                                                                                                                                                                    
~                                                                                                                                                                    
~                                                                                                                                                                    
~                                                                                                                                                                    
~                                                                                                                                                                    
"ragaprabha_assignment3-6917287.fusion.log" 35L, 1499C                                                                                             1,1           All
