[ragaprabha@login1 ~]$ vi ragaprabha_assignment3-6919526.fusion.log


4.06    -1.00   0.00    -1.00   -1.00   0.00    0.00    0.00    0.00    0.00    0.00    0.00    -1.00   0.00    0.00    0.00
-1.00   4.06    -1.00   0.00    0.00    -1.00   0.00    0.00    0.00    0.00    0.00    0.00    0.00    -1.00   0.00    0.00
0.00    -1.00   4.06    -1.00   0.00    0.00    -1.00   0.00    0.00    0.00    0.00    0.00    0.00    0.00    -1.00   0.00
-1.00   0.00    -1.00   4.06    -1.00   0.00    0.00    -1.00   0.00    0.00    0.00    0.00    0.00    0.00    0.00    -1.00
-1.00   0.00    0.00    -1.00   4.06    -1.00   0.00    -1.00   -1.00   0.00    0.00    0.00    0.00    0.00    0.00    0.00
0.00    -1.00   0.00    0.00    -1.00   4.06    -1.00   0.00    0.00    -1.00   0.00    0.00    0.00    0.00    0.00    0.00
0.00    0.00    -1.00   0.00    0.00    -1.00   4.06    -1.00   0.00    0.00    -1.00   0.00    0.00    0.00    0.00    0.00
0.00    0.00    0.00    -1.00   -1.00   0.00    -1.00   4.06    -1.00   0.00    0.00    -1.00   0.00    0.00    0.00    0.00
0.00    0.00    0.00    0.00    -1.00   0.00    0.00    -1.00   4.06    -1.00   0.00    -1.00   -1.00   0.00    0.00    0.00
0.00    0.00    0.00    0.00    0.00    -1.00   0.00    0.00    -1.00   4.06    -1.00   0.00    0.00    -1.00   0.00    0.00
0.00    0.00    0.00    0.00    0.00    0.00    -1.00   0.00    0.00    -1.00   4.06    -1.00   0.00    0.00    -1.00   0.00
0.00    0.00    0.00    0.00    0.00    0.00    0.00    -1.00   -1.00   0.00    -1.00   4.06    -1.00   0.00    0.00    -1.00
-1.00   0.00    0.00    0.00    0.00    0.00    0.00    0.00    -1.00   0.00    0.00    -1.00   4.06    -1.00   0.00    -1.00
0.00    -1.00   0.00    0.00    0.00    0.00    0.00    0.00    0.00    -1.00   0.00    0.00    -1.00   4.06    -1.00   0.00
0.00    0.00    -1.00   0.00    0.00    0.00    0.00    0.00    0.00    0.00    -1.00   0.00    0.00    -1.00   4.06    -1.00
0.00    0.00    0.00    -1.00   0.00    0.00    0.00    0.00    0.00    0.00    0.00    -1.00   -1.00   0.00    -1.00   4.06


Vector Noms of X[1]: 54.07
Vector Noms of X[2]: 80.03
Vector Noms of X[3]: 108.67
Vector Noms of X[4]: 149.13
Vector Noms of X[5]: 198.72
Vector Noms of X[6]: 225.04
Vector Noms of X[7]: 216.22
Vector Noms of X[8]: 196.57
Vector Noms of X[9]: 184.25
Vector Noms of X[10]: 181.77
Vector Noms of X[11]: 186.94
Vector Noms of X[12]: 197.42
Vector Noms of X[13]: 211.31
Vector Noms of X[14]: 227.17
Vector Noms of X[15]: 243.84
Vector Noms of X[16]: 260.50

The Value of U Vector:
119.59
98.72
113.63
134.82
135.01
92.02
102.26
153.46
179.60
127.58
140.00
190.01
171.17
109.94
113.15
144.49

"ragaprabha_assignment3-6919526.fusion.log" 56L, 2019C                                                                                                             1,1           Top
